1.4 
1.3 
1.4 
5.6 
1.8 
1.4 
1.8 
7.5 
4.5 
1.5 
2.9 
4.1 
4.6 
3.0 
4.3 
4.6 
6.9 
3.2 
2.4 
10.5 
6.5 
8.8 
7.9 
2.5 
7.4 
12.5 
6.3 
7.7 
9.0 
5.4 
1.5 
2.0 
7.8 
12.2 
5.5 
2.2 
13.7 
7.7 
5.2 
10.7 
6.0 
9.5 
9.9 
9.0 
6.1 
9.7 
5.8 
7.1 
6.2 
8.2 
8.6 
4.7 
9.4 
5.2 
9.8 
10.7 
3.6 
11.6 
7.1 
6.0 
4.7 
5.7 
7.6 
6.2 
7.8 
3.6 
11.2 
4.3 
7.2 
11.9 
9.4 
8.8 
7.8 
6.6 
7.8 
4.2 
5.8 
6.9 
4.1 
11.2 
10.1 
12.0 
12.1 
4.2 
9.9 
7.5 
10.9 
4.1 
10.2 
8.7 
6.9 
8.6 
11.5 
4.1 
8.9 
7.6 
4.1 
4.2 
5.0 
10.3 
6.2 
8.4 
10.9 
11.3 
4.4 
7.8 
11.8 
10.0 
11.2 
7.8 
12.7 
5.9 
8.7 
10.3 
10.4 
7.8 
4.9 
11.4 
11.3 
10.7 
6.8 
7.2 
7.2 
5.3 
12.6 
4.4 
13.1 
11.9 
11.6 
11.4 
13.2 
8.9 
13.6 
4.2 
5.3 
11.4 
9.8 
13.1 
12.3 
7.6 
4.3 
11.7 
10.4 
11.3 
8.2 
7.3 
4.9 
13.8 
12.9 
7.7 
11.1 
10.4 
12.7 
7.8 
5.7 
9.4 
10.1 
10.2 
9.6 
13.0 
11.3 
9.1 
9.9 
6.5 
10.1 
10.9 
11.5 
7.7 
9.7 
10.0 
7.9 
6.9 
8.3 
6.6 
10.7 
5.7 
11.2 
12.4 
4.2 
12.6 
6.9 
10.9 
15.8 
6.2 
12.8 
12.1 
7.7 
13.0 
10.0 
12.8 
11.7 
5.1 
5.4 
8.3 
5.4 
8.8 
12.1 
5.4 
5.0 
7.3 
5.6 
9.3 
13.3 
7.1 
12.5 
8.1 
13.5 
8.5 
9.2 
13.8 
7.6 
11.3 
13.1 
4.8 
7.3 
15.3 
11.9 
14.4 
9.1 
5.5 
4.3 
5.8 
10.4 
14.1 
15.5 
14.3 
6.6 
9.2 
15.0 
5.5 
12.4 
10.4 
8.9 
9.2 
7.1 
7.2 
10.5 
8.5 
11.6 
13.2 
12.0 
7.7 
12.0 
5.0 
14.4 
11.6 
10.0 
13.5 
13.6 
11.4 
13.7 
14.4 
8.8 
12.9 
9.8 
9.2 
11.3 
11.5 
16.0 
12.5 
9.9 
5.9 
6.8 
11.4 
10.1 
14.4 
12.6 
10.0 
5.6 
9.9 
10.7 
9.6 
14.6 
6.8 
10.9 
10.4 
13.2 
9.9 
15.3 
10.2 
10.1 
11.9 
10.7 
13.6 
11.2 
11.3 
12.3 
5.8 
12.4 
12.0 
11.3 
11.1 
13.5 
8.7 
12.1 
11.1 
9.9 
11.9 
10.3 
10.5 
11.4 
10.2 
12.1 
10.8 
12.7 
11.7 
8.3 
12.4 
10.9 
12.6 
11.1 
12.3 
12.0 
3.7 
12.8 
14.0 
8.8 
11.8 
12.5 
13.1 
11.6 
14.3 
9.2 
10.3 
8.9  
13.5 
8.4 
10.5 
10.2 
9.3 
13.1 
10.2 
14.4 
15.2 
4.9 
4.6 
